251643:1:97356 85.4459 6.49065 -1.94827 0.189481 45.6297 39.1892 -2.08121 -1.79365 0.304806 -2.81773
251643:1:527696 87.6369 10.6165 -1.28196 0.200117 35.8976 34.3044 -1.97139 -0.565001 1.47187 -1.36949
251643:1:805449 93.6352 9.25586 1.18895 1.73865 37.8297 30.3223 1.96377 0.261452 1.18948 -2.11213
251643:1:430286 88.2048 3.65406 -0.642879 2.49671 45.5099 42.2566 -0.538632 -0.75512 2.04257 -1.13697
251643:1:5433 92.9488 21.1007 -0.886186 -2.22185 47.1721 46.7257 -1.05882 -0.711915 -0.898279 2.69653
251643:1:865028 86.4266 6.35545 -1.97527 0.685199 44.7285 38.456 -2.24294 -1.6652 0.53537 -2.63089
251643:1:371091 92.7807 27.8666 -1.15245 -0.309823 50.2041 42.5113 -1.42776 -0.828865 -1.31914 1.23425
251643:1:746872 92.9341 24.1705 0.879977 -2.21335 51.6982 44.325 0.88688 0.871925 3.04245 -0.584753
251643:11:11561104 89.2913 28.76 -0.308943 -2.1011 55.6923 32.7477 -0.0399003 -0.756897 -2.5709 0.161808
251643:11:11187956 82.5987 10.8897 -0.466027 -2.57214 40.0431 29.3124 0.0782976 -1.18368 -2.71827 0.369197
251643:11:11336522 88.5136 1.64639 1.3091 -2.61684 37.8043 38.3641 0.743081 1.86764 -0.719481 2.46277
251643:11:10719253 92.5339 5.48004 1.17605 1.59026 34.2728 28.8706 0.302925 2.17482 1.43551 -1.73534
251643:11:10903135 63.5502 68.5877 0.0605283 -0.00174533 55.9301 35.7426 0.220566 -0.18839 -0.548208 0.947844
251643:11:11506538 84.3438 12.3453 -0.451041 0.521699 44.5153 35.9915 -0.142832 -0.829227 -0.181139 2.73688
251643:21:22121627 98.1776 132.129 0.562842 0.110282 111.22 29.4258 0.890631 -0.491751 0.281287 -0.588384
251643:21:21201135 78.7771 25.7347 -0.654175 1.78271 53.2741 27.5905 -0.493013 -0.961831 1.82804 -1.27127
251643:21:21649535 87.6917 9.5387 0.103693 -1.06116 44.2301 38.452 -0.236388 0.492584 -0.229994 3.09589
251643:21:21632415 84.3184 36.0027 -1.64688 2.69238 44.8096 26.394 -2.24239 -0.715617 2.06254 -2.01209
251643:21:21939993 94.9919 18.6402 1.09804 -2.47634 51.7383 38.134 1.43576 0.646583 -3.0961 -0.242381
251643:21:21277584 93.8964 2.49215 1.27856 -0.323993 41.1682 39.901 0.730327 1.84259 -1.33511 1.75352
251643:21:21154088 85.12 13.3809 2.07346 -1.785 46.7497 34.2248 2.3803 1.65963 -1.47969 1.77969
251643:21:21845318 88.2593 25.2385 -1.14611 -2.18085 33.7185 28.9554 -2.0227 -0.158194 3.11348 -0.843748
251643:21:21545615 85.6406 1.75386 -0.632092 2.09599 39.8159 39.9659 -1.01428 -0.251271 -2.55271 0.632695
251643:21:21463121 81.9679 15.9069 1.7289 2.18107 49.3691 33.5668 1.63294 1.8698 2.27561 -0.821227
251643:23:23859405 89.6462 16.9582 -0.684533 -0.212939 51.7319 39.0296 -0.595698 -0.802163 0.39473 -2.49617
251643:23:24061717 94.7146 49.5247 0.338668 -2.79232 45.929 31.3061 -0.39144 1.33456 -2.12811 2.36097
251643:23:23643131 75.8699 28.5563 0.0205778 -0.0464179 26.7596 26.3735 -0.959034 1.01117 0.945608 -1.06125
251643:23:23367902 88.5731 85.8183 1.24014 1.59408 77.1395 45.468 1.32348 1.09906 2.14976 0.485729
251643:23:24099266 89.2685 7.12713 -0.0147138 -1.44842 40.0894 38.7601 0.492676 -0.538091 -0.153422 -3.11715
251643:23:23917338 69.7611 19.3431 -1.50153 0.975175 34.2696 32.8502 -1.11552 -1.90339 2.18404 -0.374373
251643:23:23581199 89.2083 6.83894 -0.438748 -2.82689 44.4425 39.2961 -0.0918568 -0.829003 -2.16021 1.08921
251643:32:33710092 93.0429 11.1299 0.119006 0.108782 48.3609 41.6718 0.383822 -0.187118 0.939281 -2.00383
