251643:1:527696 87.6369 10.6165 -1.28196 0.200117 35.8976 34.3044 -1.97139 -0.565001 1.47187 -1.36949
251643:1:805449 93.6352 9.25586 1.18895 1.73865 37.8297 30.3223 1.96377 0.261452 1.18948 -2.11213
251643:1:430286 88.2048 3.65406 -0.642879 2.49671 45.5099 42.2566 -0.538632 -0.75512 2.04257 -1.13697
251643:1:5433 92.9488 21.1007 -0.886186 -2.22185 47.1721 46.7257 -1.05882 -0.711915 -0.898279 2.69653
251643:1:865028 86.4266 6.35545 -1.97527 0.685199 44.7285 38.456 -2.24294 -1.6652 0.53537 -2.63089
251643:1:371091 92.7807 27.8666 -1.15245 -0.309823 50.2041 42.5113 -1.42776 -0.828865 -1.31914 1.23425
251643:1:979198 83.6571 41.2428 2.19073 2.29873 64.9052 27.0759 2.29937 1.93268 2.55379 -0.193346
251643:1:746872 92.9341 24.1705 0.879977 -2.21335 51.6982 44.325 0.88688 0.871925 3.04245 -0.584753
251643:2:1437579 91.7424 15.8629 0.00490494 2.85666 49.9559 42.9778 0.0610072 -0.0602943 1.88987 -1.56039
251643:2:1214655 89.0485 19.0328 -1.00894 -2.11992 35.3785 31.4377 -1.798 -0.139613 3.07555 -0.631894
251643:2:1462291 82.4741 239.04 1.46659 -0.837311 183.587 55.5252 1.6586 0.864809 -0.823791 -0.882025
251643:2:1658666 89.4118 2.10146 -1.21109 2.02448 44.7995 44.5152 -1.26314 -1.15871 -2.84692 0.341298
251643:2:1395573 104.127 13.3533 1.66714 -1.46188 56.2929 44.3441 1.40642 1.99592 -1.86852 1.15369
251643:2:1225035 70.5999 10.3291 -0.913265 1.13199 38.3982 28.1947 -1.23773 -0.477501 1.26555 -1.82724
251643:7:6638523 93.0673 5.90103 -0.669183 -2.73295 44.8654 40.0315 -0.251956 -1.1336 -2.1609 1.06058
251643:7:7297693 92.1109 9.18338 0.413687 0.683543 36.9226 28.8033 1.20709 -0.55481 0.259136 -3.01413
251643:7:6854690 91.3933 28.1645 1.33982 -0.901936 56.1057 29.6567 1.69474 0.698967 -1.15265 1.75109
251643:7:6380821 92.0518 16.42 0.5221 -0.0447602 53.9421 39.2769 0.45526 0.613836 -0.437341 2.54362
251643:7:6362574 91.3112 83.9221 -0.560741 -0.294632 87.063 26.837 -0.31684 -1.29272 0.0184499 -1.82475
251643:7:6513542 76.744 3.84971 2.0521 0.657684 38.3618 37.9819 2.16555 1.93753 2.07957 -0.961624
251643:7:6698710 84.6307 12.9878 0.104452 0.198029 45.8536 33.6988 0.439878 -0.345252 -0.108307 2.9168
251643:7:6960988 84.4862 25.0202 -1.41009 -2.67512 45.7444 37.8379 -1.11094 -1.76939 -1.70134 2.01887
251643:7:6578442 87.6481 3.40999 -1.26056 -1.05746 31.7268 29.2063 -2.13764 -0.323924 -1.7595 1.30662
251643:7:6568835 89.9542 22.213 -0.0700414 1.54334 51.3592 40.1324 -0.211092 0.110091 0.701948 -2.86503
251643:7:6592038 88.4799 5.40337 -1.2337 3.05373 39.5113 38.2447 -0.718229 -1.76482 -1.96232 1.3145
251643:7:6331918 96.2153 4.81078 -1.98109 2.79218 49.6081 46.6994 -1.9577 -2.00593 -2.60873 0.612499
251643:7:6405230 88.4362 4.79961 -0.53351 0.920178 35.8191 34.8022 -1.22347 0.173835 2.2115 -0.797141
251643:8:7364581 89.3557 48.1256 0.690758 1.94228 51.1381 48.3476 0.495761 0.896857 0.926487 3.05965
251643:8:7875188 87.1277 4.25828 -0.712859 -0.325684 39.6078 35.6134 -0.181229 -1.29834 0.00913512 -3.09316
251643:8:7924165 88.4016 10.2838 -0.285581 2.53024 47.2812 37.0521 -0.580004 0.0869027 2.6215 -0.494795
251643:8:7963051 86.1483 4.72127 1.21072 -0.932713 38.6457 38.9187 1.68192 0.742592 -2.50045 0.519531
251643:8:7467315 78.5541 4.82734 -0.987008 -2.66323 36.3638 31.6834 -0.46789 -1.57539 -2.43262 0.743807
251643:8:8288737 86.7838 3.62307 1.06306 3.0402 29.6401 26.0173 2.02941 -0.00339595 3.05205 -0.0878888
251643:8:7493131 90.7892 5.20892 -2.28731 -3.11705 46.9626 42.4942 -2.11433 -2.47827 2.6556 -0.545921
